{
 "cells": [
  {
   "cell_type": "code",
   "execution_count": 1,
   "metadata": {},
   "outputs": [],
   "source": [
    "import pandas as pd"
   ]
  },
  {
   "cell_type": "code",
   "execution_count": 2,
   "metadata": {},
   "outputs": [],
   "source": [
    "import matplotlib.pyplot as plt"
   ]
  },
  {
   "cell_type": "code",
   "execution_count": 3,
   "metadata": {},
   "outputs": [],
   "source": [
    "import math"
   ]
  },
  {
   "cell_type": "code",
   "execution_count": 4,
   "metadata": {},
   "outputs": [],
   "source": [
    "import random"
   ]
  },
  {
   "cell_type": "code",
   "execution_count": 5,
   "metadata": {},
   "outputs": [
    {
     "data": {
      "text/plain": [
       "2.0"
      ]
     },
     "execution_count": 5,
     "metadata": {},
     "output_type": "execute_result"
    }
   ],
   "source": [
    "math.sqrt(4)"
   ]
  },
  {
   "cell_type": "code",
   "execution_count": 6,
   "metadata": {},
   "outputs": [],
   "source": [
    "city_list=pd.read_csv('mat-test.txt',sep=\" \",header=None)"
   ]
  },
  {
   "cell_type": "code",
   "execution_count": 7,
   "metadata": {},
   "outputs": [],
   "source": [
    "#City_Order_Std=[]"
   ]
  },
  {
   "cell_type": "code",
   "execution_count": 8,
   "metadata": {},
   "outputs": [],
   "source": [
    "# for i in range(29):\n",
    "#      City_Order_Std.append(i)"
   ]
  },
  {
   "cell_type": "code",
   "execution_count": 9,
   "metadata": {},
   "outputs": [],
   "source": [
    "# City_Order_Std"
   ]
  },
  {
   "cell_type": "code",
   "execution_count": 10,
   "metadata": {},
   "outputs": [],
   "source": [
    "#1/fitness(City_Order_Std)"
   ]
  },
  {
   "cell_type": "code",
   "execution_count": 11,
   "metadata": {},
   "outputs": [],
   "source": [
    "def initialisation(pop_size,City_Order_Std):\n",
    "    City_Population=[]\n",
    "    City_Population.append(list(City_Order_Std))\n",
    "    #print(City_Population)\n",
    "    for i in range(pop_size-1):\n",
    "        random.shuffle(City_Order_Std)\n",
    "        City_Population.append(list(City_Order_Std))\n",
    "        #print(City_Population)\n",
    "    return City_Population\n",
    "    "
   ]
  },
  {
   "cell_type": "code",
   "execution_count": 12,
   "metadata": {
    "scrolled": true
   },
   "outputs": [],
   "source": [
    "#population=initialisation(100,City_Order_Std)"
   ]
  },
  {
   "cell_type": "code",
   "execution_count": 13,
   "metadata": {},
   "outputs": [],
   "source": [
    "#population[0]"
   ]
  },
  {
   "cell_type": "code",
   "execution_count": 14,
   "metadata": {},
   "outputs": [],
   "source": [
    "#pops=[fitness(x) for x in population]\n",
    "#pops=sorted(pops)\n"
   ]
  },
  {
   "cell_type": "code",
   "execution_count": 15,
   "metadata": {},
   "outputs": [],
   "source": [
    "#City_Population"
   ]
  },
  {
   "cell_type": "code",
   "execution_count": 16,
   "metadata": {},
   "outputs": [],
   "source": [
    "#1/(pops.pop())"
   ]
  },
  {
   "cell_type": "code",
   "execution_count": 17,
   "metadata": {},
   "outputs": [],
   "source": [
    "city_list.reset_index(drop=True, inplace=True)"
   ]
  },
  {
   "cell_type": "code",
   "execution_count": 97,
   "metadata": {},
   "outputs": [],
   "source": [
    "#Calculate a table which is filled with distance between cities. \n",
    "dist_table=[]\n",
    "for i in range(len(city_list)):\n",
    "    temp_list=[]\n",
    "    for j in range(len(city_list)):\n",
    "        temp_list.append(dist_calc(city_list.iloc[i,:],city_list.iloc[j,:]))\n",
    "    dist_table.append(temp_list)"
   ]
  },
  {
   "cell_type": "code",
   "execution_count": 98,
   "metadata": {},
   "outputs": [
    {
     "data": {
      "text/plain": [
       "[[0.0,\n",
       "  74.53561415712697,\n",
       "  4109.913459889123,\n",
       "  3047.9957068357057,\n",
       "  2266.911731360042,\n",
       "  973.5388173508504,\n",
       "  4190.100799370928,\n",
       "  3301.893396219811,\n",
       "  4757.742197606854,\n",
       "  3044.3481805543315,\n",
       "  3094.978054490498,\n",
       "  3986.2611491081325,\n",
       "  5092.505430095836,\n",
       "  6406.149567403533,\n",
       "  5903.388857258176,\n",
       "  8436.198480292465,\n",
       "  6962.778000833352,\n",
       "  6693.612230245258,\n",
       "  6575.92412964816,\n",
       "  8009.386876589799,\n",
       "  7398.462747143098,\n",
       "  7266.0491359171065,\n",
       "  7424.952716351918,\n",
       "  9639.271595117782,\n",
       "  9229.436602523472,\n",
       "  8320.273120450367,\n",
       "  9300.612355885201,\n",
       "  8102.46875958186,\n",
       "  7798.69794200043],\n",
       " [74.53561415712697,\n",
       "  0.0,\n",
       "  4069.7051490249282,\n",
       "  2999.4907299221477,\n",
       "  2213.594362117867,\n",
       "  900.617093380362,\n",
       "  4137.397248808054,\n",
       "  3238.5267681119735,\n",
       "  4701.359128899738,\n",
       "  2969.8952774279605,\n",
       "  3020.6695608019695,\n",
       "  3913.8287768430096,\n",
       "  5023.749200326167,\n",
       "  6336.659395844507,\n",
       "  5828.855408892708,\n",
       "  8368.359748414794,\n",
       "  6889.867735950298,\n",
       "  6619.58374857849,\n",
       "  6501.495570935113,\n",
       "  7937.761389991793,\n",
       "  7324.427100849628,\n",
       "  7191.688068742885,\n",
       "  7350.714029915649,\n",
       "  9570.382625812015,\n",
       "  9159.224252510568,\n",
       "  8247.710137028607,\n",
       "  9230.459912942826,\n",
       "  8028.836908156609,\n",
       "  7724.474366167595],\n",
       " [4109.913459889123,\n",
       "  4069.7051490249282,\n",
       "  0.0,\n",
       "  1172.3669941144244,\n",
       "  1972.9419656948858,\n",
       "  3496.2280930867328,\n",
       "  891.0043851993363,\n",
       "  1814.907357905019,\n",
       "  1415.4896745963517,\n",
       "  3672.797925136761,\n",
       "  3777.1608458676424,\n",
       "  2995.6449246271563,\n",
       "  2876.147144667287,\n",
       "  3903.8017878658316,\n",
       "  5055.827179382001,\n",
       "  5441.226388314392,\n",
       "  4989.600262434745,\n",
       "  5150.215706593699,\n",
       "  5315.726139380103,\n",
       "  5594.5409735244975,\n",
       "  5726.219769242225,\n",
       "  5809.839744614196,\n",
       "  5856.586662007038,\n",
       "  6674.682741857059,\n",
       "  6464.690402314543,\n",
       "  6060.161328252279,\n",
       "  6521.928879131116,\n",
       "  6164.256255849343,\n",
       "  6162.548481235685],\n",
       " [3047.9957068357057,\n",
       "  2999.4907299221477,\n",
       "  1172.3669941144244,\n",
       "  0.0,\n",
       "  816.6666999999998,\n",
       "  2350.0,\n",
       "  1172.1300771577264,\n",
       "  994.7081878062967,\n",
       "  1796.6789885168073,\n",
       "  2648.3748106674375,\n",
       "  2755.0458542261854,\n",
       "  2315.2873207828384,\n",
       "  2719.885649965619,\n",
       "  3972.3840546676493,\n",
       "  4546.824255333482,\n",
       "  5801.9393309478855,\n",
       "  4883.36173325075,\n",
       "  4886.176618561569,\n",
       "  4959.082576444962,\n",
       "  5695.222153505319,\n",
       "  5536.10041186344,\n",
       "  5544.929031730891,\n",
       "  5633.717608376557,\n",
       "  7044.245136831753,\n",
       "  6739.765876415061,\n",
       "  6110.282754323057,\n",
       "  6804.328733811867,\n",
       "  6090.1787649369435,\n",
       "  5975.730556523849],\n",
       " [2266.911731360042,\n",
       "  2213.594362117867,\n",
       "  1972.9419656948858,\n",
       "  816.6666999999998,\n",
       "  0.0,\n",
       "  1533.3333000000002,\n",
       "  1923.8994501907957,\n",
       "  1188.0188835947754,\n",
       "  2497.2206628347617,\n",
       "  2208.380533080496,\n",
       "  2311.8054233770545,\n",
       "  2324.088809500283,\n",
       "  3087.834598513623,\n",
       "  4400.104389550827,\n",
       "  4557.289613111917,\n",
       "  6341.091762377271,\n",
       "  5174.322255029047,\n",
       "  5070.722049614279,\n",
       "  5074.391049070705,\n",
       "  6093.5530673363655,\n",
       "  5754.028428471698,\n",
       "  5710.719872143856,\n",
       "  5826.829406255065,\n",
       "  7572.244709757105,\n",
       "  7220.43780859428,\n",
       "  6470.552959712518,\n",
       "  7288.213535870396,\n",
       "  6373.033448663027,\n",
       "  6186.059919979781],\n",
       " [973.5388173508504,\n",
       "  900.617093380362,\n",
       "  3496.2280930867328,\n",
       "  2350.0,\n",
       "  1533.3333000000002,\n",
       "  0.0,\n",
       "  3416.829291576882,\n",
       "  2409.7602326557067,\n",
       "  3935.38078180216,\n",
       "  2113.777577650446,\n",
       "  2175.1117554941607,\n",
       "  3013.5342818321765,\n",
       "  4141.2894065603405,\n",
       "  5448.662089704021,\n",
       "  4954.907749785951,\n",
       "  7490.327095661444,\n",
       "  5989.272771194995,\n",
       "  5724.120494694164,\n",
       "  5614.712815451918,\n",
       "  7039.274740182952,\n",
       "  6428.978852837716,\n",
       "  6302.326670122081,\n",
       "  6458.374995378643,\n",
       "  8685.172596890507,\n",
       "  8266.616240572008,\n",
       "  7347.20278934628,\n",
       "  8338.148655893452,\n",
       "  7130.061527707097,\n",
       "  6831.794152649276],\n",
       " [4190.100799370928,\n",
       "  4137.397248808054,\n",
       "  891.0043851993363,\n",
       "  1172.1300771577264,\n",
       "  1923.8994501907957,\n",
       "  3416.829291576882,\n",
       "  0.0,\n",
       "  1233.3333648648647,\n",
       "  650.8540969799302,\n",
       "  3086.3499657542284,\n",
       "  3184.380297465881,\n",
       "  2202.271554554524,\n",
       "  1986.7618112004425,\n",
       "  3063.531296813463,\n",
       "  4179.7461488574745,\n",
       "  4733.7147831040475,\n",
       "  4116.363005804464,\n",
       "  4260.575078554537,\n",
       "  4425.086352578647,\n",
       "  4775.458093209488,\n",
       "  4843.46167252473,\n",
       "  4920.89341097456,\n",
       "  4970.770705753066,\n",
       "  5976.92327000737,\n",
       "  5718.634242447132,\n",
       "  5227.33201547405,\n",
       "  5779.513686769466,\n",
       "  5300.96950839079,\n",
       "  5281.052299393759],\n",
       " [3301.893396219811,\n",
       "  3238.5267681119735,\n",
       "  1814.907357905019,\n",
       "  994.7081878062967,\n",
       "  1188.0188835947754,\n",
       "  2409.7602326557067,\n",
       "  1233.3333648648647,\n",
       "  0.0,\n",
       "  1586.4880519212525,\n",
       "  1876.7584992333072,\n",
       "  1978.5656895280945,\n",
       "  1320.7741778551283,\n",
       "  1899.853851104229,\n",
       "  3213.1762883390734,\n",
       "  3555.629339512205,\n",
       "  5175.288528081203,\n",
       "  4005.1355793392177,\n",
       "  3946.341491671608,\n",
       "  3992.1103077055504,\n",
       "  4906.062027623468,\n",
       "  4614.749978153117,\n",
       "  4598.577413240069,\n",
       "  4700.01244892625,\n",
       "  6399.84815948351,\n",
       "  6036.969438385456,\n",
       "  5287.353901422609,\n",
       "  6105.234620753283,\n",
       "  5208.8866372767225,\n",
       "  5051.390943152365],\n",
       " [4757.742197606854,\n",
       "  4701.359128899738,\n",
       "  1415.4896745963517,\n",
       "  1796.6789885168073,\n",
       "  2497.2206628347617,\n",
       "  3935.38078180216,\n",
       "  650.8540969799302,\n",
       "  1586.4880519212525,\n",
       "  0.0,\n",
       "  3285.3631816825923,\n",
       "  3373.5078470998783,\n",
       "  2177.21784292605,\n",
       "  1576.3002202767275,\n",
       "  2490.66626249105,\n",
       "  3883.655193099523,\n",
       "  4088.0585364911044,\n",
       "  3600.347205478938,\n",
       "  3817.8673386532905,\n",
       "  4029.3368856150255,\n",
       "  4179.746154439951,\n",
       "  4355.7008800295425,\n",
       "  4467.822942634186,\n",
       "  4496.690781978276,\n",
       "  5330.468072422078,\n",
       "  5083.333348196721,\n",
       "  4644.740168788299,\n",
       "  5143.0914643929045,\n",
       "  4760.543855368721,\n",
       "  4787.104049419561],\n",
       " [3044.3481805543315,\n",
       "  2969.8952774279605,\n",
       "  3672.797925136761,\n",
       "  2648.3748106674375,\n",
       "  2208.380533080496,\n",
       "  2113.777577650446,\n",
       "  3086.3499657542284,\n",
       "  1876.7584992333072,\n",
       "  3285.3631816825923,\n",
       "  0.0,\n",
       "  106.7186696152543,\n",
       "  1359.7385892557131,\n",
       "  2673.844539027819,\n",
       "  3821.569146902298,\n",
       "  2863.8066702283577,\n",
       "  5889.373685526991,\n",
       "  4089.1454798717473,\n",
       "  3722.193193684484,\n",
       "  3559.689428556622,\n",
       "  5216.693304298336,\n",
       "  4421.195849858794,\n",
       "  4255.950855830797,\n",
       "  4427.563719275748,\n",
       "  7000.25798921408,\n",
       "  6513.106435061876,\n",
       "  5454.712545231975,\n",
       "  6587.066507600751,\n",
       "  5156.037426594616,\n",
       "  4801.339912458721],\n",
       " [3094.978054490498,\n",
       "  3020.6695608019695,\n",
       "  3777.1608458676424,\n",
       "  2755.0458542261854,\n",
       "  2311.8054233770545,\n",
       "  2175.1117554941607,\n",
       "  3184.380297465881,\n",
       "  1978.5656895280945,\n",
       "  3373.5078470998783,\n",
       "  106.7186696152543,\n",
       "  0.0,\n",
       "  1411.95293791574,\n",
       "  2723.610729854357,\n",
       "  3850.6025988653896,\n",
       "  2824.102565024467,\n",
       "  5914.624030222792,\n",
       "  4086.733205684516,\n",
       "  3704.201793759201,\n",
       "  3530.265944498926,\n",
       "  5221.4567803333275,\n",
       "  4400.615529966963,\n",
       "  4227.455127324618,\n",
       "  4402.309579078145,\n",
       "  7016.250993863382,\n",
       "  6523.142516285979,\n",
       "  5450.407710335887,\n",
       "  6597.242708047726,\n",
       "  5140.255026531055,\n",
       "  4775.619410353301],\n",
       " [3986.2611491081325,\n",
       "  3913.8287768430096,\n",
       "  2995.6449246271563,\n",
       "  2315.2873207828384,\n",
       "  2324.088809500283,\n",
       "  3013.5342818321765,\n",
       "  2202.271554554524,\n",
       "  1320.7741778551283,\n",
       "  2177.21784292605,\n",
       "  1359.7385892557131,\n",
       "  1411.95293791574,\n",
       "  0.0,\n",
       "  1314.2382487374398,\n",
       "  2510.057857212771,\n",
       "  2250.2468995398904,\n",
       "  4583.090890193843,\n",
       "  2980.119272035192,\n",
       "  2777.138815399763,\n",
       "  2752.826853940834,\n",
       "  4030.5086527633207,\n",
       "  3474.4158319372264,\n",
       "  3401.5801390196348,\n",
       "  3530.3848075206815,\n",
       "  5733.260696632901,\n",
       "  5281.676896487411,\n",
       "  4334.166586553867,\n",
       "  5354.385575913971,\n",
       "  4141.691800326153,\n",
       "  3896.8522795882463],\n",
       " [5092.505430095836,\n",
       "  5023.749200326167,\n",
       "  2876.147144667287,\n",
       "  2719.885649965619,\n",
       "  3087.834598513623,\n",
       "  4141.2894065603405,\n",
       "  1986.7618112004425,\n",
       "  1899.853851104229,\n",
       "  1576.3002202767275,\n",
       "  2673.844539027819,\n",
       "  2723.610729854357,\n",
       "  1314.2382487374398,\n",
       "  0.0,\n",
       "  1321.7628393130476,\n",
       "  2330.29558544738,\n",
       "  3350.1658136410033,\n",
       "  2171.1491368499856,\n",
       "  2274.0687268515953,\n",
       "  2457.697625601832,\n",
       "  3007.0287634880433,\n",
       "  2866.29522160274,\n",
       "  2934.1344850023884,\n",
       "  2987.30892771073,\n",
       "  4546.824313615921,\n",
       "  4152.643018073615,\n",
       "  3399.346296634756,\n",
       "  4222.295343635839,\n",
       "  3375.4422933232822,\n",
       "  3305.898748534462],\n",
       " [6406.149567403533,\n",
       "  6336.659395844507,\n",
       "  3903.8017878658316,\n",
       "  3972.3840546676493,\n",
       "  4400.104389550827,\n",
       "  5448.662089704021,\n",
       "  3063.531296813463,\n",
       "  3213.1762883390734,\n",
       "  2490.66626249105,\n",
       "  3821.569146902298,\n",
       "  3850.6025988653896,\n",
       "  2510.057857212771,\n",
       "  1321.7628393130476,\n",
       "  0.0,\n",
       "  2350.1598668908555,\n",
       "  2073.3831936662787,\n",
       "  1202.9136673556886,\n",
       "  1669.9221857785924,\n",
       "  2040.8539212245873,\n",
       "  1724.9319020052792,\n",
       "  1998.4165537331194,\n",
       "  2212.033565905216,\n",
       "  2172.3728047209916,\n",
       "  3237.8793214077637,\n",
       "  2830.9305272197053,\n",
       "  2164.0371222683652,\n",
       "  2900.708965063541,\n",
       "  2284.422119474515,\n",
       "  2396.638064233332],\n",
       " [5903.388857258176,\n",
       "  5828.855408892708,\n",
       "  5055.827179382001,\n",
       "  4546.824255333482,\n",
       "  4557.289613111917,\n",
       "  4954.907749785951,\n",
       "  4179.7461488574745,\n",
       "  3555.629339512205,\n",
       "  3883.655193099523,\n",
       "  2863.8066702283577,\n",
       "  2824.102565024467,\n",
       "  2250.2468995398904,\n",
       "  2330.29558544738,\n",
       "  2350.1598668908555,\n",
       "  0.0,\n",
       "  3950.03516172817,\n",
       "  1739.8115785592677,\n",
       "  1108.051374661342,\n",
       "  772.0823394489032,\n",
       "  2879.863069468562,\n",
       "  1701.1517336393597,\n",
       "  1449.951214890256,\n",
       "  1649.94282327047,\n",
       "  4779.70250166728,\n",
       "  4196.724913548659,\n",
       "  2930.9175967414862,\n",
       "  4269.823101071572,\n",
       "  2469.817807045694,\n",
       "  2009.9945299830379],\n",
       " [8436.198480292465,\n",
       "  8368.359748414794,\n",
       "  5441.226388314392,\n",
       "  5801.9393309478855,\n",
       "  6341.091762377271,\n",
       "  7490.327095661444,\n",
       "  4733.7147831040475,\n",
       "  5175.288528081203,\n",
       "  4088.0585364911044,\n",
       "  5889.373685526991,\n",
       "  5914.624030222792,\n",
       "  4583.090890193843,\n",
       "  3350.1658136410033,\n",
       "  2073.3831936662787,\n",
       "  3950.03516172817,\n",
       "  0.0,\n",
       "  2220.6731024123696,\n",
       "  2897.220854159686,\n",
       "  3324.1540277189324,\n",
       "  1274.6458754406178,\n",
       "  2650.9048342470855,\n",
       "  3017.9673154181273,\n",
       "  2836.7962283061674,\n",
       "  1243.8739235862222,\n",
       "  1087.9388948322817,\n",
       "  1641.5608632572162,\n",
       "  1129.0360081847625,\n",
       "  2251.542662018396,\n",
       "  2772.5629883147544],\n",
       " [6962.778000833352,\n",
       "  6889.867735950298,\n",
       "  4989.600262434745,\n",
       "  4883.36173325075,\n",
       "  5174.322255029047,\n",
       "  5989.272771194995,\n",
       "  4116.363005804464,\n",
       "  4005.1355793392177,\n",
       "  3600.347205478938,\n",
       "  4089.1454798717473,\n",
       "  4086.733205684516,\n",
       "  2980.119272035192,\n",
       "  2171.1491368499856,\n",
       "  1202.9136673556886,\n",
       "  1739.8115785592677,\n",
       "  2220.6731024123696,\n",
       "  0.0,\n",
       "  683.3332682926836,\n",
       "  1115.6711736787777,\n",
       "  1173.0776852176325,\n",
       "  795.6772123732902,\n",
       "  1040.204319702817,\n",
       "  973.6843270425996,\n",
       "  3063.449482382747,\n",
       "  2503.8858997344287,\n",
       "  1367.276334745672,\n",
       "  2578.220834434305,\n",
       "  1207.039547359112,\n",
       "  1200.5454551865764],\n",
       " [6693.612230245258,\n",
       "  6619.58374857849,\n",
       "  5150.215706593699,\n",
       "  4886.176618561569,\n",
       "  5070.722049614279,\n",
       "  5724.120494694164,\n",
       "  4260.575078554537,\n",
       "  3946.341491671608,\n",
       "  3817.8673386532905,\n",
       "  3722.193193684484,\n",
       "  3704.201793759201,\n",
       "  2777.138815399763,\n",
       "  2274.0687268515953,\n",
       "  1669.9221857785924,\n",
       "  1108.051374661342,\n",
       "  2897.220854159686,\n",
       "  683.3332682926836,\n",
       "  0.0,\n",
       "  432.69187394470464,\n",
       "  1775.5280904564704,\n",
       "  704.8709195420462,\n",
       "  663.0087949438075,\n",
       "  756.1085300225357,\n",
       "  3673.932208894928,\n",
       "  3088.7339767109906,\n",
       "  1833.7120820892249,\n",
       "  3161.794515074559,\n",
       "  1437.976950054795,\n",
       "  1119.7156330658706],\n",
       " [6575.92412964816,\n",
       "  6501.495570935113,\n",
       "  5315.726139380103,\n",
       "  4959.082576444962,\n",
       "  5074.391049070705,\n",
       "  5614.712815451918,\n",
       "  4425.086352578647,\n",
       "  3992.1103077055504,\n",
       "  4029.3368856150255,\n",
       "  3559.689428556622,\n",
       "  3530.265944498926,\n",
       "  2752.826853940834,\n",
       "  2457.697625601832,\n",
       "  2040.8539212245873,\n",
       "  772.0823394489032,\n",
       "  3324.1540277189324,\n",
       "  1115.6711736787777,\n",
       "  432.69187394470464,\n",
       "  0.0,\n",
       "  2174.409273291893,\n",
       "  929.2871032326703,\n",
       "  697.6661500546646,\n",
       "  884.6039684130394,\n",
       "  4063.728484751138,\n",
       "  3467.9885234655676,\n",
       "  2176.7075246292916,\n",
       "  3539.9702213122896,\n",
       "  1697.8744708867282,\n",
       "  1252.3733485557889],\n",
       " [8009.386876589799,\n",
       "  7937.761389991793,\n",
       "  5594.5409735244975,\n",
       "  5695.222153505319,\n",
       "  6093.5530673363655,\n",
       "  7039.274740182952,\n",
       "  4775.458093209488,\n",
       "  4906.062027623468,\n",
       "  4179.746154439951,\n",
       "  5216.693304298336,\n",
       "  5221.4567803333275,\n",
       "  4030.5086527633207,\n",
       "  3007.0287634880433,\n",
       "  1724.9319020052792,\n",
       "  2879.863069468562,\n",
       "  1274.6458754406178,\n",
       "  1173.0776852176325,\n",
       "  1775.5280904564704,\n",
       "  2174.409273291893,\n",
       "  0.0,\n",
       "  1399.5767871810572,\n",
       "  1770.0745696644647,\n",
       "  1577.0331097262479,\n",
       "  1900.0731132131634,\n",
       "  1330.8309542871666,\n",
       "  509.9019513592785,\n",
       "  1405.149285860959,\n",
       "  1001.803952322454,\n",
       "  1498.290435440373],\n",
       " [7398.462747143098,\n",
       "  7324.427100849628,\n",
       "  5726.219769242225,\n",
       "  5536.10041186344,\n",
       "  5754.028428471698,\n",
       "  6428.978852837716,\n",
       "  4843.46167252473,\n",
       "  4614.749978153117,\n",
       "  4355.7008800295425,\n",
       "  4421.195849858794,\n",
       "  4400.615529966963,\n",
       "  3474.4158319372264,\n",
       "  2866.29522160274,\n",
       "  1998.4165537331194,\n",
       "  1701.1517336393597,\n",
       "  2650.9048342470855,\n",
       "  795.6772123732902,\n",
       "  704.8709195420462,\n",
       "  929.2871032326703,\n",
       "  1399.5767871810572,\n",
       "  0.0,\n",
       "  370.5605639341698,\n",
       "  197.92637278344182,\n",
       "  3221.6786447028776,\n",
       "  2610.183078035754,\n",
       "  1285.4241180311074,\n",
       "  2679.4313202122894,\n",
       "  768.6751074831293,\n",
       "  440.45659629077136],\n",
       " [7266.0491359171065,\n",
       "  7191.688068742885,\n",
       "  5809.839744614196,\n",
       "  5544.929031730891,\n",
       "  5710.719872143856,\n",
       "  6302.326670122081,\n",
       "  4920.89341097456,\n",
       "  4598.577413240069,\n",
       "  4467.822942634186,\n",
       "  4255.950855830797,\n",
       "  4227.455127324618,\n",
       "  3401.5801390196348,\n",
       "  2934.1344850023884,\n",
       "  2212.033565905216,\n",
       "  1449.951214890256,\n",
       "  3017.9673154181273,\n",
       "  1040.204319702817,\n",
       "  663.0087949438075,\n",
       "  697.6661500546646,\n",
       "  1770.0745696644647,\n",
       "  370.5605639341698,\n",
       "  0.0,\n",
       "  220.14199962751314,\n",
       "  3583.1947118027733,\n",
       "  2969.0060787343855,\n",
       "  1638.2570561950404,\n",
       "  3037.2924559040016,\n",
       "  1070.3439192903047,\n",
       "  560.0778428811672],\n",
       " [7424.952716351918,\n",
       "  7350.714029915649,\n",
       "  5856.586662007038,\n",
       "  5633.717608376557,\n",
       "  5826.829406255065,\n",
       "  6458.374995378643,\n",
       "  4970.770705753066,\n",
       "  4700.01244892625,\n",
       "  4496.690781978276,\n",
       "  4427.563719275748,\n",
       "  4402.309579078145,\n",
       "  3530.3848075206815,\n",
       "  2987.30892771073,\n",
       "  2172.3728047209916,\n",
       "  1649.94282327047,\n",
       "  2836.7962283061674,\n",
       "  973.6843270425996,\n",
       "  756.1085300225357,\n",
       "  884.6039684130394,\n",
       "  1577.0331097262479,\n",
       "  197.92637278344182,\n",
       "  220.14199962751314,\n",
       "  0.0,\n",
       "  3370.025289028461,\n",
       "  2754.4872281536777,\n",
       "  1422.2361369241185,\n",
       "  2822.2653257075885,\n",
       "  850.6402882897861,\n",
       "  374.13934447799136],\n",
       " [9639.271595117782,\n",
       "  9570.382625812015,\n",
       "  6674.682741857059,\n",
       "  7044.245136831753,\n",
       "  7572.244709757105,\n",
       "  8685.172596890507,\n",
       "  5976.92327000737,\n",
       "  6399.84815948351,\n",
       "  5330.468072422078,\n",
       "  7000.25798921408,\n",
       "  7016.250993863382,\n",
       "  5733.260696632901,\n",
       "  4546.824313615921,\n",
       "  3237.8793214077637,\n",
       "  4779.70250166728,\n",
       "  1243.8739235862222,\n",
       "  3063.449482382747,\n",
       "  3673.932208894928,\n",
       "  4063.728484751138,\n",
       "  1900.0731132131634,\n",
       "  3221.6786447028776,\n",
       "  3583.1947118027733,\n",
       "  3370.025289028461,\n",
       "  0.0,\n",
       "  620.2598281723953,\n",
       "  1951.139266058566,\n",
       "  559.0169943749474,\n",
       "  2580.482323993801,\n",
       "  3172.711210295084],\n",
       " [9229.436602523472,\n",
       "  9159.224252510568,\n",
       "  6464.690402314543,\n",
       "  6739.765876415061,\n",
       "  7220.43780859428,\n",
       "  8266.616240572008,\n",
       "  5718.634242447132,\n",
       "  6036.969438385456,\n",
       "  5083.333348196721,\n",
       "  6513.106435061876,\n",
       "  6523.142516285979,\n",
       "  5281.676896487411,\n",
       "  4152.643018073615,\n",
       "  2830.9305272197053,\n",
       "  4196.724913548659,\n",
       "  1087.9388948322817,\n",
       "  2503.8858997344287,\n",
       "  3088.7339767109906,\n",
       "  3467.9885234655676,\n",
       "  1330.8309542871666,\n",
       "  2610.183078035754,\n",
       "  2969.0060787343855,\n",
       "  2754.4872281536777,\n",
       "  620.2598281723953,\n",
       "  0.0,\n",
       "  1333.3333000000002,\n",
       "  74.53565887848701,\n",
       "  1960.229578391266,\n",
       "  2552.5303309778187],\n",
       " [8320.273120450367,\n",
       "  8247.710137028607,\n",
       "  6060.161328252279,\n",
       "  6110.282754323057,\n",
       "  6470.552959712518,\n",
       "  7347.20278934628,\n",
       "  5227.33201547405,\n",
       "  5287.353901422609,\n",
       "  4644.740168788299,\n",
       "  5454.712545231975,\n",
       "  5450.407710335887,\n",
       "  4334.166586553867,\n",
       "  3399.346296634756,\n",
       "  2164.0371222683652,\n",
       "  2930.9175967414862,\n",
       "  1641.5608632572162,\n",
       "  1367.276334745672,\n",
       "  1833.7120820892249,\n",
       "  2176.7075246292916,\n",
       "  509.9019513592785,\n",
       "  1285.4241180311074,\n",
       "  1638.2570561950404,\n",
       "  1422.2361369241185,\n",
       "  1951.139266058566,\n",
       "  1333.3333000000002,\n",
       "  0.0,\n",
       "  1400.396770760187,\n",
       "  648.288376333318,\n",
       "  1230.4185259220135],\n",
       " [9300.612355885201,\n",
       "  9230.459912942826,\n",
       "  6521.928879131116,\n",
       "  6804.328733811867,\n",
       "  7288.213535870396,\n",
       "  8338.148655893452,\n",
       "  5779.513686769466,\n",
       "  6105.234620753283,\n",
       "  5143.0914643929045,\n",
       "  6587.066507600751,\n",
       "  6597.242708047726,\n",
       "  5354.385575913971,\n",
       "  4222.295343635839,\n",
       "  2900.708965063541,\n",
       "  4269.823101071572,\n",
       "  1129.0360081847625,\n",
       "  2578.220834434305,\n",
       "  3161.794515074559,\n",
       "  3539.9702213122896,\n",
       "  1405.149285860959,\n",
       "  2679.4313202122894,\n",
       "  3037.2924559040016,\n",
       "  2822.2653257075885,\n",
       "  559.0169943749474,\n",
       "  74.53565887848701,\n",
       "  1400.396770760187,\n",
       "  0.0,\n",
       "  2023.542026854013,\n",
       "  2616.2285783035277],\n",
       " [8102.46875958186,\n",
       "  8028.836908156609,\n",
       "  6164.256255849343,\n",
       "  6090.1787649369435,\n",
       "  6373.033448663027,\n",
       "  7130.061527707097,\n",
       "  5300.96950839079,\n",
       "  5208.8866372767225,\n",
       "  4760.543855368721,\n",
       "  5156.037426594616,\n",
       "  5140.255026531055,\n",
       "  4141.691800326153,\n",
       "  3375.4422933232822,\n",
       "  2284.422119474515,\n",
       "  2469.817807045694,\n",
       "  2251.542662018396,\n",
       "  1207.039547359112,\n",
       "  1437.976950054795,\n",
       "  1697.8744708867282,\n",
       "  1001.803952322454,\n",
       "  768.6751074831293,\n",
       "  1070.3439192903047,\n",
       "  850.6402882897861,\n",
       "  2580.482323993801,\n",
       "  1960.229578391266,\n",
       "  648.288376333318,\n",
       "  2023.542026854013,\n",
       "  0.0,\n",
       "  592.9399890054054],\n",
       " [7798.69794200043,\n",
       "  7724.474366167595,\n",
       "  6162.548481235685,\n",
       "  5975.730556523849,\n",
       "  6186.059919979781,\n",
       "  6831.794152649276,\n",
       "  5281.052299393759,\n",
       "  5051.390943152365,\n",
       "  4787.104049419561,\n",
       "  4801.339912458721,\n",
       "  4775.619410353301,\n",
       "  3896.8522795882463,\n",
       "  3305.898748534462,\n",
       "  2396.638064233332,\n",
       "  2009.9945299830379,\n",
       "  2772.5629883147544,\n",
       "  1200.5454551865764,\n",
       "  1119.7156330658706,\n",
       "  1252.3733485557889,\n",
       "  1498.290435440373,\n",
       "  440.45659629077136,\n",
       "  560.0778428811672,\n",
       "  374.13934447799136,\n",
       "  3172.711210295084,\n",
       "  2552.5303309778187,\n",
       "  1230.4185259220135,\n",
       "  2616.2285783035277,\n",
       "  592.9399890054054,\n",
       "  0.0]]"
      ]
     },
     "execution_count": 98,
     "metadata": {},
     "output_type": "execute_result"
    }
   ],
   "source": [
    "dist_table"
   ]
  },
  {
   "cell_type": "code",
   "execution_count": 18,
   "metadata": {},
   "outputs": [],
   "source": [
    "def dist_calc(C1,C2):\n",
    "    return math.sqrt((C1[1]-C2[1])**2+(C1[2]-C2[2])**2)\n",
    "    "
   ]
  },
  {
   "cell_type": "code",
   "execution_count": 99,
   "metadata": {},
   "outputs": [
    {
     "data": {
      "text/plain": [
       "74.53561415712697"
      ]
     },
     "execution_count": 99,
     "metadata": {},
     "output_type": "execute_result"
    }
   ],
   "source": [
    "dist_calc(city_list.iloc[0,:],city_list.iloc[1,:])"
   ]
  },
  {
   "cell_type": "code",
   "execution_count": 20,
   "metadata": {},
   "outputs": [
    {
     "data": {
      "text/plain": [
       "0        2.0000\n",
       "1    20900.0000\n",
       "2    17066.6667\n",
       "Name: 1, dtype: float64"
      ]
     },
     "execution_count": 20,
     "metadata": {},
     "output_type": "execute_result"
    }
   ],
   "source": [
    "city_list.iloc[1,:]"
   ]
  },
  {
   "cell_type": "code",
   "execution_count": 21,
   "metadata": {},
   "outputs": [],
   "source": [
    "#Genetic Algorithm Skeleton\n",
    "# def fitness(City_Order):\n",
    "#     fitval=0\n",
    "#     for i in range(len(City_Order)-1):\n",
    "#         fitval=fitval+dist_calc(city_list.iloc[City_Order[i],:],city_list.iloc[City_Order[i+1],:])\n",
    "#     fitval+=dist_calc(city_list.iloc[City_Order[-1],:],city_list.iloc[City_Order[0],:])\n",
    "#     return 1/fitval\n",
    "        \n",
    "    "
   ]
  },
  {
   "cell_type": "code",
   "execution_count": 106,
   "metadata": {},
   "outputs": [],
   "source": [
    "def fitness(City_Order):\n",
    "    fitval=0\n",
    "    for i in range(len(City_Order)-1):\n",
    "        fitval=fitval+dist_table[City_Order[i]][City_Order[i+1]]\n",
    "    fitval+=dist_table[City_Order[-1]][City_Order[0]]\n",
    "    return 1/fitval\n"
   ]
  },
  {
   "cell_type": "code",
   "execution_count": 22,
   "metadata": {},
   "outputs": [],
   "source": [
    "#1/fitness(City_Population[0])"
   ]
  },
  {
   "cell_type": "code",
   "execution_count": null,
   "metadata": {},
   "outputs": [],
   "source": []
  },
  {
   "cell_type": "code",
   "execution_count": 23,
   "metadata": {},
   "outputs": [],
   "source": [
    "#1/fitness(City_Order_Std)"
   ]
  },
  {
   "cell_type": "code",
   "execution_count": 87,
   "metadata": {},
   "outputs": [],
   "source": [
    "def Selection(method,fitness_array,k):\n",
    "    sorted_fitness=sorted(fitness_array,reverse=True)\n",
    "    if method=='Roulette_Wheel':\n",
    "        max = sum(fitness_array)\n",
    "        pick = random.uniform(0, max)\n",
    "        current = 0\n",
    "        for i,fitness_values in enumerate(sorted_fitness):\n",
    "            current += fitness_values\n",
    "            if current > pick:\n",
    "                return fitness_array.index(fitness_values)\n",
    "    else:\n",
    "        val_best=0\n",
    "        for i in range(k):\n",
    "            ind = random.randint(0,len(fitness_array)-1)\n",
    "            if fitness_array[ind] > val_best:\n",
    "                best = ind\n",
    "                val_best=fitness_array[best]\n",
    "        return best\n",
    "        \n",
    "        \n",
    "\n",
    "        \n",
    "    "
   ]
  },
  {
   "cell_type": "code",
   "execution_count": 68,
   "metadata": {},
   "outputs": [],
   "source": [
    "# def Crossover(Father,Mother):\n",
    "#     i=random.randint(0,len(Father)-1)\n",
    "#     #j=random.randint(0,len(Mother)-1)\n",
    "#     son=Father[0:i]\n",
    "#     for k in range(len(Mother)):\n",
    "#         if Mother[k] not in son:\n",
    "#             son.append(Mother[k])\n",
    "    \n",
    "#     daughter=Mother[:i]\n",
    "#     for k in range(len(Father)):\n",
    "#         if Father[k] not in daughter:\n",
    "#             daughter.append(Father[k])\n",
    "#     return son,daughter"
   ]
  },
  {
   "cell_type": "code",
   "execution_count": 69,
   "metadata": {},
   "outputs": [],
   "source": [
    "def Crossover(Father,Mother):\n",
    "    i=random.randint(0,len(Father)-1)\n",
    "    #j=random.randint(0,len(Mother)-1)\n",
    "    son=Father[0:i]\n",
    "    for k in range(len(Mother)):\n",
    "        if Mother[k] not in son:\n",
    "            son.append(Mother[k])\n",
    "    \n",
    "    \n",
    "#     daughter=Mother[:i]\n",
    "#     for k in range(len(Father)):\n",
    "#         if Father[k] not in daughter:\n",
    "#             daughter.append(Father[k])\n",
    "    return son#,daughter"
   ]
  },
  {
   "cell_type": "code",
   "execution_count": 70,
   "metadata": {},
   "outputs": [],
   "source": [
    "def swapPositions(list, pos1, pos2): \n",
    "      \n",
    "    # popping both the elements from list \n",
    "    first_ele = list.pop(pos1)    \n",
    "    second_ele = list.pop(pos2-1) \n",
    "     \n",
    "    # inserting in each others positions \n",
    "    list.insert(pos1, second_ele)   \n",
    "    list.insert(pos2, first_ele)   \n",
    "      \n",
    "    return list"
   ]
  },
  {
   "cell_type": "code",
   "execution_count": 190,
   "metadata": {},
   "outputs": [],
   "source": [
    "import time\n",
    "pop_size=5000\n",
    "chrom_len=29\n",
    "mut_ratio=0.34\n",
    "cross_ratio=0.65\n",
    "elite_ratio=0.01\n",
    "#method='Roulette_Wheel'\n",
    "method=\"Tournament Selection\"\n",
    "Tournament_Size=2\n"
   ]
  },
  {
   "cell_type": "code",
   "execution_count": 191,
   "metadata": {},
   "outputs": [],
   "source": [
    "#Mother Code:\n",
    "def TSPGA(pop_size,chrom_len,mut_ratio,cross_ratio,method,Tournament_Size):\n",
    "    start_time = time.time()\n",
    "    graph_fitness=[]\n",
    "    City_Order_Std=[]\n",
    "    for i in range(len(city_list)):\n",
    "        City_Order_Std.append(i)\n",
    "    \n",
    "    City_Population=initialisation(pop_size,City_Order_Std)\n",
    "    #print(City_Population[0])\n",
    "    fitness_array=[fitness(City_Populations) for City_Populations in City_Population]\n",
    "    #print(1/fitness_array[0])\n",
    "    itr=0\n",
    "    while (time.time()-start_time<=300):\n",
    "        itr+=1\n",
    "#         if itr%20==0:\n",
    "#             mut_ratio=mut_ratio+0.03\n",
    "#             cross_ratio=cross_ratio-0.03\n",
    "        NextGen_City_population=[]\n",
    "        print(\"No .of iterations is \" +str(itr))    \n",
    "\n",
    "        #Do Mating based on Cross OVer after selecting parents using roulette wheel\n",
    "\n",
    "\n",
    "        while(len(NextGen_City_population)<int(cross_ratio*pop_size)):\n",
    "                Father=City_Population[Selection(method,fitness_array,Tournament_Size)]\n",
    "                Mother=City_Population[Selection(method,fitness_array,Tournament_Size)]\n",
    "#                 son,daughter=Crossover(Father,Mother)\n",
    "#                 NextGen_City_population.append(son)\n",
    "#                 NextGen_City_population.append(daughter)\n",
    "                child=Crossover(Father,Mother)\n",
    "                NextGen_City_population.append(child)\n",
    "        #print(NextGen_City_population) \n",
    "        #Do Swap Mutation\n",
    "        \n",
    "        while(len(NextGen_City_population)<int((cross_ratio+mut_ratio)*pop_size)):\n",
    "            Parent=City_Population[Selection(method,fitness_array,Tournament_Size)]\n",
    "            #x=random.randint(0,pop_size-1)\n",
    "            y=random.randint(0,chrom_len-1)\n",
    "            z=y\n",
    "            while(z!=y):\n",
    "                z=random.randint(0,chrom_len)\n",
    "            NextGen_City_population.append(swapPositions(Parent,y,z))\n",
    "        \n",
    "        #Choose Elite Population:\n",
    "        elites=sorted(fitness_array)\n",
    "        #print(1/elites[-1])\n",
    "        \n",
    "        while(len(NextGen_City_population)<pop_size):\n",
    "            NextGen_City_population.append(City_Population[fitness_array.index(elites.pop())])\n",
    "\n",
    "        fitness_array=[fitness(NextGen_City_populations) for NextGen_City_populations in NextGen_City_population]\n",
    "\n",
    "        fittest=max(fitness_array)\n",
    "        #print(1/fittest)\n",
    "        graph_fitness.append(fittest)\n",
    "\n",
    "        if fittest>(1/28000):\n",
    "            print(\"Hurray\")\n",
